0.0928,0.45,0.74287,0.93352,1,2
0.1254,0.43,0.73242,0.90958,2,2
0.1011,0.3,0.7703,0.93508,3,2
0.12721,0.39,0.71875,0.90217,4,2
0.067989,0.54,0.88233,0.67151,5,2
0.13448,0.5,0.84937,0.90861,6,2
0.20938,0.49,0.72057,0.82802,7,2
0.16714,0.51,0.67803,0.87503,8,2
0.16765,0.62,0.7859,0.78644,9,2
1,1,1,1,10,2
1,1,1,1,11,2
1,1,1,1,12,2
1,1,1,1,13,2
1,1,1,1,14,2
1,1,1,1,15,2
1,1,1,1,16,2
1,1,1,1,17,2
1,1,1,1,18,2
1,1,1,1,19,2
1,1,1,1,20,2
1,1,1,1,21,2
1,1,1,1,22,2
0.22602,0.68,0.67314,0.70584,23,2
0.1263,0.47,0.71142,0.91766,1,3
0.17571,0.6,0.75294,0.89591,2,3
0.10885,0.36,0.70573,0.91893,3,3
0.11176,0.51,0.77682,0.91889,4,3
0.13677,0.76,0.80083,0.56943,5,3
0.1384,0.45,0.82203,0.92108,6,3
0.18532,0.49,0.7636,0.88455,7,3
0.18294,0.58,0.72319,0.88582,8,3
0.16948,0.59,0.76807,0.85354,9,3
1,1,1,1,10,3
1,1,1,1,11,3
1,1,1,1,12,3
1,1,1,1,13,3
1,1,1,1,14,3
1,1,1,1,15,3
1,1,1,1,16,3
1,1,1,1,17,3
1,1,1,1,18,3
1,1,1,1,19,3
1,1,1,1,20,3
1,1,1,1,21,3
1,1,1,1,22,3
0.2243,0.66,0.73866,0.76862,23,3
0.076321,0.28,0.71469,0.95085,1,4
0.10091,0.24,0.64995,0.92364,2,4
0.082597,0.27,0.74237,0.94702,3,4
0.10181,0.35,0.77671,0.93258,4,4
0.10969,0.63,0.79048,0.576,5,4
0.11912,0.43,0.83976,0.94033,6,4
0.15002,0.45,0.71218,0.87907,7,4
0.13388,0.47,0.62661,0.90016,8,4
0.13551,0.53,0.73095,0.90124,9,4
0.2923,0.53,0.73797,0.74409,10,4
0.14827,0.43,0.84597,0.87843,11,4
0.09569,0.23,0.70973,0.92818,12,4
1,1,1,1,13,4
1,1,1,1,14,4
1,1,1,1,15,4
0.091501,0.32,0.73548,0.93667,16,4
0.014142,0.4,0.55064,0.75667,17,4
0.26984,0.44,0.71641,0.84813,18,4
0.15147,0.27,0.76461,0.91105,19,4
1,1,1,1,20,4
1,1,1,1,21,4
1,1,1,1,22,4
0.21546,0.68,0.92944,0.77211,23,4
0.068131,0.22,0.64516,0.94542,1,5
0.12847,0.6,0.74604,0.92029,2,5
0.14669,0.5,0.78943,0.91992,3,5
0.12678,0.49,0.6867,0.92862,4,5
0.12178,0.53,0.8088,0.57731,5,5
0.1143,0.5,0.82541,0.93817,6,5
0.18444,0.46,0.67851,0.88467,7,5
0.15855,0.46,0.68585,0.90007,8,5
0.13755,0.42,0.75167,0.88989,9,5
0.25737,0.57,0.70828,0.73,10,5
0.16303,0.52,0.78995,0.87059,11,5
0.12041,0.43,0.78628,0.92372,12,5
0.24419,0.63,0.83583,0.7058,13,5
0.13464,0.4,0.81923,0.91048,14,5
0.24604,0.68,0.89269,0.79204,15,5
0.092975,0.27,0.78494,0.92846,16,5
0.22786,0.48,0.76329,0.72409,17,5
0.19347,0.56,0.71275,0.83661,18,5
0.11437,0.46,0.784,0.92478,19,5
0.20188,0.62,0.87294,0.74494,20,5
0.20535,0.59,0.70733,0.66084,21,5
1,1,1,1,22,5
0.28932,0.7,0.92796,0.69551,23,5
0.13452,0.41,0.63103,0.92063,1,6
0.14016,0.44,0.75895,0.90736,2,6
0.10775,0.41,0.66871,0.92878,3,6
0.096929,0.49,0.70433,0.93065,4,6
0.058775,0.37,0.81614,0.55437,5,6
0.12994,0.44,0.81293,0.90978,6,6
0.19513,0.48,0.71943,0.85864,7,6
0.16062,0.51,0.65725,0.90432,8,6
0.13574,0.47,0.71943,0.89783,9,6
0.26383,0.61,0.81805,0.70635,10,6
0.15596,0.65,0.82848,0.86558,11,6
0.13964,0.45,0.79881,0.90947,12,6
0.25622,0.63,0.84611,0.71318,13,6
0.19503,0.5,0.89719,0.8666,14,6
0.25481,0.71,0.9004,0.7534,15,6
0.10905,0.42,0.77211,0.92507,16,6
0.23487,0.51,0.55336,0.82625,17,6
0.18846,0.52,0.7301,0.83652,18,6
0.12847,0.41,0.77618,0.91408,19,6
0.22491,0.57,0.86904,0.7355,20,6
0.22202,0.71,0.72889,0.6074,21,6
1,1,1,1,22,6
0.31764,0.67,0.91298,0.74187,23,6
0.079544,0.27,0.65876,0.94044,1,7
0.14676,0.47,0.68134,0.89597,2,7
0.11146,0.43,0.64971,0.91895,3,7
0.11499,0.41,0.72885,0.90436,4,7
0.18855,0.7,0.84535,0.61534,5,7
0.14062,0.51,0.82326,0.89269,6,7
0.20098,0.45,0.69664,0.84538,7,7
0.16985,0.45,0.67035,0.89984,8,7
0.14955,0.46,0.69368,0.88325,9,7
0.26567,0.66,0.87039,0.71052,10,7
0.20091,0.47,0.8029,0.8205,11,7
0.14701,0.34,0.70196,0.89596,12,7
0.28586,0.62,0.87256,0.67034,13,7
0.15433,0.4,0.9051,0.85437,14,7
0.25964,0.72,0.85602,0.71871,15,7
0.11809,0.37,0.76841,0.91091,16,7
0.29734,0.57,0.8921,0.71844,17,7
0.18712,0.55,0.72353,0.83605,18,7
0.10907,0.31,0.82312,0.91206,19,7
0.22632,0.61,0.88231,0.76677,20,7
0.2494,0.77,0.76876,0.59917,21,7
0.24143,0.5,0.8389,0.75513,22,7
0.28565,0.89,0.91038,0.67386,23,7
0.14993,0.45,0.67,0.90028,1,8
0.17144,0.67,0.63613,0.86433,2,8
0.17192,0.7,0.78671,0.83742,3,8
0.19477,0.58,0.635,0.79646,4,8
0.14692,0.8,0.84515,0.57074,5,8
0.18706,0.55,0.73929,0.83477,6,8
0.22501,0.46,0.73708,0.84081,7,8
0.18077,0.49,0.61011,0.89,8,8
0.22333,0.58,0.64508,0.80916,9,8
0.28369,0.66,0.89564,0.71269,10,8
0.18258,0.56,0.84835,0.80605,11,8
0.17947,0.45,0.68476,0.895,12,8
0.21245,0.58,0.82197,0.68327,13,8
0.22225,0.69,0.7811,0.74722,14,8
0.26562,0.82,0.86078,0.65551,15,8
0.14862,0.7,0.74008,0.87755,16,8
0,0.25,0.37817,0.855,17,8
0.19015,0.6,0.7229,0.80748,18,8
0.18049,0.54,0.82429,0.86389,19,8
0.22725,0.55,0.87319,0.77428,20,8
0.22748,0.75,0.8013,0.58387,21,8
0.20797,0.63,0.8423,0.81523,22,8
0.30734,0.77,0.83278,0.60664,23,8
0.16396,0.64,0.55241,0.86633,1,9
0.2716,0.69,0.70579,0.69523,2,9
0.22895,0.68,0.67601,0.76735,3,9
0.20578,0.53,0.62568,0.80109,4,9
0.17383,0.55,0.72005,0.63456,5,9
0.21811,0.56,0.77927,0.69786,6,9
0.18676,0.53,0.69395,0.80323,7,9
0.17882,0.53,0.62834,0.86493,8,9
0.21698,0.8,0.63835,0.82442,9,9
0.25539,0.68,0.69927,0.69921,10,9
0.22142,0.49,0.78959,0.80659,11,9
0.24255,0.58,0.70798,0.75375,12,9
0.2356,0.57,0.75302,0.68676,13,9
0.30326,0.74,0.77094,0.55543,14,9
0.27251,0.79,0.77529,0.65191,15,9
0.10557,0.44,0.68188,0.90362,16,9
0.22012,0.52,0.68932,0.65264,17,9
0.19627,0.52,0.69688,0.80556,18,9
0.25952,0.56,0.75339,0.73008,19,9
0.2276,0.57,0.80378,0.76955,20,9
0.19654,0.71,0.75932,0.58526,21,9
0.23731,0.62,0.77982,0.79127,22,9
0.30358,0.67,0.66097,0.63992,23,9
0,0,0,0,0,9
